-4.5 25.5 905.5 mm
-4.5 25.5 906.5 mm
-4.5 25.5 907.5 mm
-4.5 25.5 908.5 mm
-4.5 25.5 909.5 mm
-4.5 25.5 910.5 mm
-4.5 25.5 911.5 mm
-4.5 25.5 912.5 mm
-4.5 25.5 913.5 mm
-4.5 25.5 914.5 mm
-4.5 26.5 905.5 mm
-4.5 26.5 906.5 mm
-4.5 26.5 907.5 mm
-4.5 26.5 908.5 mm
-4.5 26.5 909.5 mm
-4.5 26.5 910.5 mm
-4.5 26.5 911.5 mm
-4.5 26.5 912.5 mm
-4.5 26.5 913.5 mm
-4.5 26.5 914.5 mm
-4.5 27.5 905.5 mm
-4.5 27.5 906.5 mm
-4.5 27.5 907.5 mm
-4.5 27.5 908.5 mm
-4.5 27.5 909.5 mm
-4.5 27.5 910.5 mm
-4.5 27.5 911.5 mm
-4.5 27.5 912.5 mm
-4.5 27.5 913.5 mm
-4.5 27.5 914.5 mm
-4.5 28.5 905.5 mm
-4.5 28.5 906.5 mm
-4.5 28.5 907.5 mm
-4.5 28.5 908.5 mm
-4.5 28.5 909.5 mm
-4.5 28.5 910.5 mm
-4.5 28.5 911.5 mm
-4.5 28.5 912.5 mm
-4.5 28.5 913.5 mm
-4.5 28.5 914.5 mm
-4.5 29.5 905.5 mm
-4.5 29.5 906.5 mm
-4.5 29.5 907.5 mm
-4.5 29.5 908.5 mm
-4.5 29.5 909.5 mm
-4.5 29.5 910.5 mm
-4.5 29.5 911.5 mm
-4.5 29.5 912.5 mm
-4.5 29.5 913.5 mm
-4.5 29.5 914.5 mm
-4.5 30.5 905.5 mm
-4.5 30.5 906.5 mm
-4.5 30.5 907.5 mm
-4.5 30.5 908.5 mm
-4.5 30.5 909.5 mm
-4.5 30.5 910.5 mm
-4.5 30.5 911.5 mm
-4.5 30.5 912.5 mm
-4.5 30.5 913.5 mm
-4.5 30.5 914.5 mm
-4.5 31.5 905.5 mm
-4.5 31.5 906.5 mm
-4.5 31.5 907.5 mm
-4.5 31.5 908.5 mm
-4.5 31.5 909.5 mm
-4.5 31.5 910.5 mm
-4.5 31.5 911.5 mm
-4.5 31.5 912.5 mm
-4.5 31.5 913.5 mm
-4.5 31.5 914.5 mm
-4.5 32.5 905.5 mm
-4.5 32.5 906.5 mm
-4.5 32.5 907.5 mm
-4.5 32.5 908.5 mm
-4.5 32.5 909.5 mm
-4.5 32.5 910.5 mm
-4.5 32.5 911.5 mm
-4.5 32.5 912.5 mm
-4.5 32.5 913.5 mm
-4.5 32.5 914.5 mm
-4.5 33.5 905.5 mm
-4.5 33.5 906.5 mm
-4.5 33.5 907.5 mm
-4.5 33.5 908.5 mm
-4.5 33.5 909.5 mm
-4.5 33.5 910.5 mm
-4.5 33.5 911.5 mm
-4.5 33.5 912.5 mm
-4.5 33.5 913.5 mm
-4.5 33.5 914.5 mm
-4.5 34.5 905.5 mm
-4.5 34.5 906.5 mm
-4.5 34.5 907.5 mm
-4.5 34.5 908.5 mm
-4.5 34.5 909.5 mm
-4.5 34.5 910.5 mm
-4.5 34.5 911.5 mm
-4.5 34.5 912.5 mm
-4.5 34.5 913.5 mm
-4.5 34.5 914.5 mm
-3.5 25.5 905.5 mm
-3.5 25.5 906.5 mm
-3.5 25.5 907.5 mm
-3.5 25.5 908.5 mm
-3.5 25.5 909.5 mm
-3.5 25.5 910.5 mm
-3.5 25.5 911.5 mm
-3.5 25.5 912.5 mm
-3.5 25.5 913.5 mm
-3.5 25.5 914.5 mm
-3.5 26.5 905.5 mm
-3.5 26.5 906.5 mm
-3.5 26.5 907.5 mm
-3.5 26.5 908.5 mm
-3.5 26.5 909.5 mm
-3.5 26.5 910.5 mm
-3.5 26.5 911.5 mm
-3.5 26.5 912.5 mm
-3.5 26.5 913.5 mm
-3.5 26.5 914.5 mm
-3.5 27.5 905.5 mm
-3.5 27.5 906.5 mm
-3.5 27.5 907.5 mm
-3.5 27.5 908.5 mm
-3.5 27.5 909.5 mm
-3.5 27.5 910.5 mm
-3.5 27.5 911.5 mm
-3.5 27.5 912.5 mm
-3.5 27.5 913.5 mm
-3.5 27.5 914.5 mm
-3.5 28.5 905.5 mm
-3.5 28.5 906.5 mm
-3.5 28.5 907.5 mm
-3.5 28.5 908.5 mm
-3.5 28.5 909.5 mm
-3.5 28.5 910.5 mm
-3.5 28.5 911.5 mm
-3.5 28.5 912.5 mm
-3.5 28.5 913.5 mm
-3.5 28.5 914.5 mm
-3.5 29.5 905.5 mm
-3.5 29.5 906.5 mm
-3.5 29.5 907.5 mm
-3.5 29.5 908.5 mm
-3.5 29.5 909.5 mm
-3.5 29.5 910.5 mm
-3.5 29.5 911.5 mm
-3.5 29.5 912.5 mm
-3.5 29.5 913.5 mm
-3.5 29.5 914.5 mm
-3.5 30.5 905.5 mm
-3.5 30.5 906.5 mm
-3.5 30.5 907.5 mm
-3.5 30.5 908.5 mm
-3.5 30.5 909.5 mm
-3.5 30.5 910.5 mm
-3.5 30.5 911.5 mm
-3.5 30.5 912.5 mm
-3.5 30.5 913.5 mm
-3.5 30.5 914.5 mm
-3.5 31.5 905.5 mm
-3.5 31.5 906.5 mm
-3.5 31.5 907.5 mm
-3.5 31.5 908.5 mm
-3.5 31.5 909.5 mm
-3.5 31.5 910.5 mm
-3.5 31.5 911.5 mm
-3.5 31.5 912.5 mm
-3.5 31.5 913.5 mm
-3.5 31.5 914.5 mm
-3.5 32.5 905.5 mm
-3.5 32.5 906.5 mm
-3.5 32.5 907.5 mm
-3.5 32.5 908.5 mm
-3.5 32.5 909.5 mm
-3.5 32.5 910.5 mm
-3.5 32.5 911.5 mm
-3.5 32.5 912.5 mm
-3.5 32.5 913.5 mm
-3.5 32.5 914.5 mm
-3.5 33.5 905.5 mm
-3.5 33.5 906.5 mm
-3.5 33.5 907.5 mm
-3.5 33.5 908.5 mm
-3.5 33.5 909.5 mm
-3.5 33.5 910.5 mm
-3.5 33.5 911.5 mm
-3.5 33.5 912.5 mm
-3.5 33.5 913.5 mm
-3.5 33.5 914.5 mm
-3.5 34.5 905.5 mm
-3.5 34.5 906.5 mm
-3.5 34.5 907.5 mm
-3.5 34.5 908.5 mm
-3.5 34.5 909.5 mm
-3.5 34.5 910.5 mm
-3.5 34.5 911.5 mm
-3.5 34.5 912.5 mm
-3.5 34.5 913.5 mm
-3.5 34.5 914.5 mm
-2.5 25.5 905.5 mm
-2.5 25.5 906.5 mm
-2.5 25.5 907.5 mm
-2.5 25.5 908.5 mm
-2.5 25.5 909.5 mm
-2.5 25.5 910.5 mm
-2.5 25.5 911.5 mm
-2.5 25.5 912.5 mm
-2.5 25.5 913.5 mm
-2.5 25.5 914.5 mm
-2.5 26.5 905.5 mm
-2.5 26.5 906.5 mm
-2.5 26.5 907.5 mm
-2.5 26.5 908.5 mm
-2.5 26.5 909.5 mm
-2.5 26.5 910.5 mm
-2.5 26.5 911.5 mm
-2.5 26.5 912.5 mm
-2.5 26.5 913.5 mm
-2.5 26.5 914.5 mm
-2.5 27.5 905.5 mm
-2.5 27.5 906.5 mm
-2.5 27.5 907.5 mm
-2.5 27.5 908.5 mm
-2.5 27.5 909.5 mm
-2.5 27.5 910.5 mm
-2.5 27.5 911.5 mm
-2.5 27.5 912.5 mm
-2.5 27.5 913.5 mm
-2.5 27.5 914.5 mm
-2.5 28.5 905.5 mm
-2.5 28.5 906.5 mm
-2.5 28.5 907.5 mm
-2.5 28.5 908.5 mm
-2.5 28.5 909.5 mm
-2.5 28.5 910.5 mm
-2.5 28.5 911.5 mm
-2.5 28.5 912.5 mm
-2.5 28.5 913.5 mm
-2.5 28.5 914.5 mm
-2.5 29.5 905.5 mm
-2.5 29.5 906.5 mm
-2.5 29.5 907.5 mm
-2.5 29.5 908.5 mm
-2.5 29.5 909.5 mm
-2.5 29.5 910.5 mm
-2.5 29.5 911.5 mm
-2.5 29.5 912.5 mm
-2.5 29.5 913.5 mm
-2.5 29.5 914.5 mm
-2.5 30.5 905.5 mm
-2.5 30.5 906.5 mm
-2.5 30.5 907.5 mm
-2.5 30.5 908.5 mm
-2.5 30.5 909.5 mm
-2.5 30.5 910.5 mm
-2.5 30.5 911.5 mm
-2.5 30.5 912.5 mm
-2.5 30.5 913.5 mm
-2.5 30.5 914.5 mm
-2.5 31.5 905.5 mm
-2.5 31.5 906.5 mm
-2.5 31.5 907.5 mm
-2.5 31.5 908.5 mm
-2.5 31.5 909.5 mm
-2.5 31.5 910.5 mm
-2.5 31.5 911.5 mm
-2.5 31.5 912.5 mm
-2.5 31.5 913.5 mm
-2.5 31.5 914.5 mm
-2.5 32.5 905.5 mm
-2.5 32.5 906.5 mm
-2.5 32.5 907.5 mm
-2.5 32.5 908.5 mm
-2.5 32.5 909.5 mm
-2.5 32.5 910.5 mm
-2.5 32.5 911.5 mm
-2.5 32.5 912.5 mm
-2.5 32.5 913.5 mm
-2.5 32.5 914.5 mm
-2.5 33.5 905.5 mm
-2.5 33.5 906.5 mm
-2.5 33.5 907.5 mm
-2.5 33.5 908.5 mm
-2.5 33.5 909.5 mm
-2.5 33.5 910.5 mm
-2.5 33.5 911.5 mm
-2.5 33.5 912.5 mm
-2.5 33.5 913.5 mm
-2.5 33.5 914.5 mm
-2.5 34.5 905.5 mm
-2.5 34.5 906.5 mm
-2.5 34.5 907.5 mm
-2.5 34.5 908.5 mm
-2.5 34.5 909.5 mm
-2.5 34.5 910.5 mm
-2.5 34.5 911.5 mm
-2.5 34.5 912.5 mm
-2.5 34.5 913.5 mm
-2.5 34.5 914.5 mm
-1.5 25.5 905.5 mm
-1.5 25.5 906.5 mm
-1.5 25.5 907.5 mm
-1.5 25.5 908.5 mm
-1.5 25.5 909.5 mm
-1.5 25.5 910.5 mm
-1.5 25.5 911.5 mm
-1.5 25.5 912.5 mm
-1.5 25.5 913.5 mm
-1.5 25.5 914.5 mm
-1.5 26.5 905.5 mm
-1.5 26.5 906.5 mm
-1.5 26.5 907.5 mm
-1.5 26.5 908.5 mm
-1.5 26.5 909.5 mm
-1.5 26.5 910.5 mm
-1.5 26.5 911.5 mm
-1.5 26.5 912.5 mm
-1.5 26.5 913.5 mm
-1.5 26.5 914.5 mm
-1.5 27.5 905.5 mm
-1.5 27.5 906.5 mm
-1.5 27.5 907.5 mm
-1.5 27.5 908.5 mm
-1.5 27.5 909.5 mm
-1.5 27.5 910.5 mm
-1.5 27.5 911.5 mm
-1.5 27.5 912.5 mm
-1.5 27.5 913.5 mm
-1.5 27.5 914.5 mm
-1.5 28.5 905.5 mm
-1.5 28.5 906.5 mm
-1.5 28.5 907.5 mm
-1.5 28.5 908.5 mm
-1.5 28.5 909.5 mm
-1.5 28.5 910.5 mm
-1.5 28.5 911.5 mm
-1.5 28.5 912.5 mm
-1.5 28.5 913.5 mm
-1.5 28.5 914.5 mm
-1.5 29.5 905.5 mm
-1.5 29.5 906.5 mm
-1.5 29.5 907.5 mm
-1.5 29.5 908.5 mm
-1.5 29.5 909.5 mm
-1.5 29.5 910.5 mm
-1.5 29.5 911.5 mm
-1.5 29.5 912.5 mm
-1.5 29.5 913.5 mm
-1.5 29.5 914.5 mm
-1.5 30.5 905.5 mm
-1.5 30.5 906.5 mm
-1.5 30.5 907.5 mm
-1.5 30.5 908.5 mm
-1.5 30.5 909.5 mm
-1.5 30.5 910.5 mm
-1.5 30.5 911.5 mm
-1.5 30.5 912.5 mm
-1.5 30.5 913.5 mm
-1.5 30.5 914.5 mm
-1.5 31.5 905.5 mm
-1.5 31.5 906.5 mm
-1.5 31.5 907.5 mm
-1.5 31.5 908.5 mm
-1.5 31.5 909.5 mm
-1.5 31.5 910.5 mm
-1.5 31.5 911.5 mm
-1.5 31.5 912.5 mm
-1.5 31.5 913.5 mm
-1.5 31.5 914.5 mm
-1.5 32.5 905.5 mm
-1.5 32.5 906.5 mm
-1.5 32.5 907.5 mm
-1.5 32.5 908.5 mm
-1.5 32.5 909.5 mm
-1.5 32.5 910.5 mm
-1.5 32.5 911.5 mm
-1.5 32.5 912.5 mm
-1.5 32.5 913.5 mm
-1.5 32.5 914.5 mm
-1.5 33.5 905.5 mm
-1.5 33.5 906.5 mm
-1.5 33.5 907.5 mm
-1.5 33.5 908.5 mm
-1.5 33.5 909.5 mm
-1.5 33.5 910.5 mm
-1.5 33.5 911.5 mm
-1.5 33.5 912.5 mm
-1.5 33.5 913.5 mm
-1.5 33.5 914.5 mm
-1.5 34.5 905.5 mm
-1.5 34.5 906.5 mm
-1.5 34.5 907.5 mm
-1.5 34.5 908.5 mm
-1.5 34.5 909.5 mm
-1.5 34.5 910.5 mm
-1.5 34.5 911.5 mm
-1.5 34.5 912.5 mm
-1.5 34.5 913.5 mm
-1.5 34.5 914.5 mm
-0.5 25.5 905.5 mm
-0.5 25.5 906.5 mm
-0.5 25.5 907.5 mm
-0.5 25.5 908.5 mm
-0.5 25.5 909.5 mm
-0.5 25.5 910.5 mm
-0.5 25.5 911.5 mm
-0.5 25.5 912.5 mm
-0.5 25.5 913.5 mm
-0.5 25.5 914.5 mm
-0.5 26.5 905.5 mm
-0.5 26.5 906.5 mm
-0.5 26.5 907.5 mm
-0.5 26.5 908.5 mm
-0.5 26.5 909.5 mm
-0.5 26.5 910.5 mm
-0.5 26.5 911.5 mm
-0.5 26.5 912.5 mm
-0.5 26.5 913.5 mm
-0.5 26.5 914.5 mm
-0.5 27.5 905.5 mm
-0.5 27.5 906.5 mm
-0.5 27.5 907.5 mm
-0.5 27.5 908.5 mm
-0.5 27.5 909.5 mm
-0.5 27.5 910.5 mm
-0.5 27.5 911.5 mm
-0.5 27.5 912.5 mm
-0.5 27.5 913.5 mm
-0.5 27.5 914.5 mm
-0.5 28.5 905.5 mm
-0.5 28.5 906.5 mm
-0.5 28.5 907.5 mm
-0.5 28.5 908.5 mm
-0.5 28.5 909.5 mm
-0.5 28.5 910.5 mm
-0.5 28.5 911.5 mm
-0.5 28.5 912.5 mm
-0.5 28.5 913.5 mm
-0.5 28.5 914.5 mm
-0.5 29.5 905.5 mm
-0.5 29.5 906.5 mm
-0.5 29.5 907.5 mm
-0.5 29.5 908.5 mm
-0.5 29.5 909.5 mm
-0.5 29.5 910.5 mm
-0.5 29.5 911.5 mm
-0.5 29.5 912.5 mm
-0.5 29.5 913.5 mm
-0.5 29.5 914.5 mm
-0.5 30.5 905.5 mm
-0.5 30.5 906.5 mm
-0.5 30.5 907.5 mm
-0.5 30.5 908.5 mm
-0.5 30.5 909.5 mm
-0.5 30.5 910.5 mm
-0.5 30.5 911.5 mm
-0.5 30.5 912.5 mm
-0.5 30.5 913.5 mm
-0.5 30.5 914.5 mm
-0.5 31.5 905.5 mm
-0.5 31.5 906.5 mm
-0.5 31.5 907.5 mm
-0.5 31.5 908.5 mm
-0.5 31.5 909.5 mm
-0.5 31.5 910.5 mm
-0.5 31.5 911.5 mm
-0.5 31.5 912.5 mm
-0.5 31.5 913.5 mm
-0.5 31.5 914.5 mm
-0.5 32.5 905.5 mm
-0.5 32.5 906.5 mm
-0.5 32.5 907.5 mm
-0.5 32.5 908.5 mm
-0.5 32.5 909.5 mm
-0.5 32.5 910.5 mm
-0.5 32.5 911.5 mm
-0.5 32.5 912.5 mm
-0.5 32.5 913.5 mm
-0.5 32.5 914.5 mm
-0.5 33.5 905.5 mm
-0.5 33.5 906.5 mm
-0.5 33.5 907.5 mm
-0.5 33.5 908.5 mm
-0.5 33.5 909.5 mm
-0.5 33.5 910.5 mm
-0.5 33.5 911.5 mm
-0.5 33.5 912.5 mm
-0.5 33.5 913.5 mm
-0.5 33.5 914.5 mm
-0.5 34.5 905.5 mm
-0.5 34.5 906.5 mm
-0.5 34.5 907.5 mm
-0.5 34.5 908.5 mm
-0.5 34.5 909.5 mm
-0.5 34.5 910.5 mm
-0.5 34.5 911.5 mm
-0.5 34.5 912.5 mm
-0.5 34.5 913.5 mm
-0.5 34.5 914.5 mm
0.5 25.5 905.5 mm
0.5 25.5 906.5 mm
0.5 25.5 907.5 mm
0.5 25.5 908.5 mm
0.5 25.5 909.5 mm
0.5 25.5 910.5 mm
0.5 25.5 911.5 mm
0.5 25.5 912.5 mm
0.5 25.5 913.5 mm
0.5 25.5 914.5 mm
0.5 26.5 905.5 mm
0.5 26.5 906.5 mm
0.5 26.5 907.5 mm
0.5 26.5 908.5 mm
0.5 26.5 909.5 mm
0.5 26.5 910.5 mm
0.5 26.5 911.5 mm
0.5 26.5 912.5 mm
0.5 26.5 913.5 mm
0.5 26.5 914.5 mm
0.5 27.5 905.5 mm
0.5 27.5 906.5 mm
0.5 27.5 907.5 mm
0.5 27.5 908.5 mm
0.5 27.5 909.5 mm
0.5 27.5 910.5 mm
0.5 27.5 911.5 mm
0.5 27.5 912.5 mm
0.5 27.5 913.5 mm
0.5 27.5 914.5 mm
0.5 28.5 905.5 mm
0.5 28.5 906.5 mm
0.5 28.5 907.5 mm
0.5 28.5 908.5 mm
0.5 28.5 909.5 mm
0.5 28.5 910.5 mm
0.5 28.5 911.5 mm
0.5 28.5 912.5 mm
0.5 28.5 913.5 mm
0.5 28.5 914.5 mm
0.5 29.5 905.5 mm
0.5 29.5 906.5 mm
0.5 29.5 907.5 mm
0.5 29.5 908.5 mm
0.5 29.5 909.5 mm
0.5 29.5 910.5 mm
0.5 29.5 911.5 mm
0.5 29.5 912.5 mm
0.5 29.5 913.5 mm
0.5 29.5 914.5 mm
0.5 30.5 905.5 mm
0.5 30.5 906.5 mm
0.5 30.5 907.5 mm
0.5 30.5 908.5 mm
0.5 30.5 909.5 mm
0.5 30.5 910.5 mm
0.5 30.5 911.5 mm
0.5 30.5 912.5 mm
0.5 30.5 913.5 mm
0.5 30.5 914.5 mm
0.5 31.5 905.5 mm
0.5 31.5 906.5 mm
0.5 31.5 907.5 mm
0.5 31.5 908.5 mm
0.5 31.5 909.5 mm
0.5 31.5 910.5 mm
0.5 31.5 911.5 mm
0.5 31.5 912.5 mm
0.5 31.5 913.5 mm
0.5 31.5 914.5 mm
0.5 32.5 905.5 mm
0.5 32.5 906.5 mm
0.5 32.5 907.5 mm
0.5 32.5 908.5 mm
0.5 32.5 909.5 mm
0.5 32.5 910.5 mm
0.5 32.5 911.5 mm
0.5 32.5 912.5 mm
0.5 32.5 913.5 mm
0.5 32.5 914.5 mm
0.5 33.5 905.5 mm
0.5 33.5 906.5 mm
0.5 33.5 907.5 mm
0.5 33.5 908.5 mm
0.5 33.5 909.5 mm
0.5 33.5 910.5 mm
0.5 33.5 911.5 mm
0.5 33.5 912.5 mm
0.5 33.5 913.5 mm
0.5 33.5 914.5 mm
0.5 34.5 905.5 mm
0.5 34.5 906.5 mm
0.5 34.5 907.5 mm
0.5 34.5 908.5 mm
0.5 34.5 909.5 mm
0.5 34.5 910.5 mm
0.5 34.5 911.5 mm
0.5 34.5 912.5 mm
0.5 34.5 913.5 mm
0.5 34.5 914.5 mm
1.5 25.5 905.5 mm
1.5 25.5 906.5 mm
1.5 25.5 907.5 mm
1.5 25.5 908.5 mm
1.5 25.5 909.5 mm
1.5 25.5 910.5 mm
1.5 25.5 911.5 mm
1.5 25.5 912.5 mm
1.5 25.5 913.5 mm
1.5 25.5 914.5 mm
1.5 26.5 905.5 mm
1.5 26.5 906.5 mm
1.5 26.5 907.5 mm
1.5 26.5 908.5 mm
1.5 26.5 909.5 mm
1.5 26.5 910.5 mm
1.5 26.5 911.5 mm
1.5 26.5 912.5 mm
1.5 26.5 913.5 mm
1.5 26.5 914.5 mm
1.5 27.5 905.5 mm
1.5 27.5 906.5 mm
1.5 27.5 907.5 mm
1.5 27.5 908.5 mm
1.5 27.5 909.5 mm
1.5 27.5 910.5 mm
1.5 27.5 911.5 mm
1.5 27.5 912.5 mm
1.5 27.5 913.5 mm
1.5 27.5 914.5 mm
1.5 28.5 905.5 mm
1.5 28.5 906.5 mm
1.5 28.5 907.5 mm
1.5 28.5 908.5 mm
1.5 28.5 909.5 mm
1.5 28.5 910.5 mm
1.5 28.5 911.5 mm
1.5 28.5 912.5 mm
1.5 28.5 913.5 mm
1.5 28.5 914.5 mm
1.5 29.5 905.5 mm
1.5 29.5 906.5 mm
1.5 29.5 907.5 mm
1.5 29.5 908.5 mm
1.5 29.5 909.5 mm
1.5 29.5 910.5 mm
1.5 29.5 911.5 mm
1.5 29.5 912.5 mm
1.5 29.5 913.5 mm
1.5 29.5 914.5 mm
1.5 30.5 905.5 mm
1.5 30.5 906.5 mm
1.5 30.5 907.5 mm
1.5 30.5 908.5 mm
1.5 30.5 909.5 mm
1.5 30.5 910.5 mm
1.5 30.5 911.5 mm
1.5 30.5 912.5 mm
1.5 30.5 913.5 mm
1.5 30.5 914.5 mm
1.5 31.5 905.5 mm
1.5 31.5 906.5 mm
1.5 31.5 907.5 mm
1.5 31.5 908.5 mm
1.5 31.5 909.5 mm
1.5 31.5 910.5 mm
1.5 31.5 911.5 mm
1.5 31.5 912.5 mm
1.5 31.5 913.5 mm
1.5 31.5 914.5 mm
1.5 32.5 905.5 mm
1.5 32.5 906.5 mm
1.5 32.5 907.5 mm
1.5 32.5 908.5 mm
1.5 32.5 909.5 mm
1.5 32.5 910.5 mm
1.5 32.5 911.5 mm
1.5 32.5 912.5 mm
1.5 32.5 913.5 mm
1.5 32.5 914.5 mm
1.5 33.5 905.5 mm
1.5 33.5 906.5 mm
1.5 33.5 907.5 mm
1.5 33.5 908.5 mm
1.5 33.5 909.5 mm
1.5 33.5 910.5 mm
1.5 33.5 911.5 mm
1.5 33.5 912.5 mm
1.5 33.5 913.5 mm
1.5 33.5 914.5 mm
1.5 34.5 905.5 mm
1.5 34.5 906.5 mm
1.5 34.5 907.5 mm
1.5 34.5 908.5 mm
1.5 34.5 909.5 mm
1.5 34.5 910.5 mm
1.5 34.5 911.5 mm
1.5 34.5 912.5 mm
1.5 34.5 913.5 mm
1.5 34.5 914.5 mm
2.5 25.5 905.5 mm
2.5 25.5 906.5 mm
2.5 25.5 907.5 mm
2.5 25.5 908.5 mm
2.5 25.5 909.5 mm
2.5 25.5 910.5 mm
2.5 25.5 911.5 mm
2.5 25.5 912.5 mm
2.5 25.5 913.5 mm
2.5 25.5 914.5 mm
2.5 26.5 905.5 mm
2.5 26.5 906.5 mm
2.5 26.5 907.5 mm
2.5 26.5 908.5 mm
2.5 26.5 909.5 mm
2.5 26.5 910.5 mm
2.5 26.5 911.5 mm
2.5 26.5 912.5 mm
2.5 26.5 913.5 mm
2.5 26.5 914.5 mm
2.5 27.5 905.5 mm
2.5 27.5 906.5 mm
2.5 27.5 907.5 mm
2.5 27.5 908.5 mm
2.5 27.5 909.5 mm
2.5 27.5 910.5 mm
2.5 27.5 911.5 mm
2.5 27.5 912.5 mm
2.5 27.5 913.5 mm
2.5 27.5 914.5 mm
2.5 28.5 905.5 mm
2.5 28.5 906.5 mm
2.5 28.5 907.5 mm
2.5 28.5 908.5 mm
2.5 28.5 909.5 mm
2.5 28.5 910.5 mm
2.5 28.5 911.5 mm
2.5 28.5 912.5 mm
2.5 28.5 913.5 mm
2.5 28.5 914.5 mm
2.5 29.5 905.5 mm
2.5 29.5 906.5 mm
2.5 29.5 907.5 mm
2.5 29.5 908.5 mm
2.5 29.5 909.5 mm
2.5 29.5 910.5 mm
2.5 29.5 911.5 mm
2.5 29.5 912.5 mm
2.5 29.5 913.5 mm
2.5 29.5 914.5 mm
2.5 30.5 905.5 mm
2.5 30.5 906.5 mm
2.5 30.5 907.5 mm
2.5 30.5 908.5 mm
2.5 30.5 909.5 mm
2.5 30.5 910.5 mm
2.5 30.5 911.5 mm
2.5 30.5 912.5 mm
2.5 30.5 913.5 mm
2.5 30.5 914.5 mm
2.5 31.5 905.5 mm
2.5 31.5 906.5 mm
2.5 31.5 907.5 mm
2.5 31.5 908.5 mm
2.5 31.5 909.5 mm
2.5 31.5 910.5 mm
2.5 31.5 911.5 mm
2.5 31.5 912.5 mm
2.5 31.5 913.5 mm
2.5 31.5 914.5 mm
2.5 32.5 905.5 mm
2.5 32.5 906.5 mm
2.5 32.5 907.5 mm
2.5 32.5 908.5 mm
2.5 32.5 909.5 mm
2.5 32.5 910.5 mm
2.5 32.5 911.5 mm
2.5 32.5 912.5 mm
2.5 32.5 913.5 mm
2.5 32.5 914.5 mm
2.5 33.5 905.5 mm
2.5 33.5 906.5 mm
2.5 33.5 907.5 mm
2.5 33.5 908.5 mm
2.5 33.5 909.5 mm
2.5 33.5 910.5 mm
2.5 33.5 911.5 mm
2.5 33.5 912.5 mm
2.5 33.5 913.5 mm
2.5 33.5 914.5 mm
2.5 34.5 905.5 mm
2.5 34.5 906.5 mm
2.5 34.5 907.5 mm
2.5 34.5 908.5 mm
2.5 34.5 909.5 mm
2.5 34.5 910.5 mm
2.5 34.5 911.5 mm
2.5 34.5 912.5 mm
2.5 34.5 913.5 mm
2.5 34.5 914.5 mm
3.5 25.5 905.5 mm
3.5 25.5 906.5 mm
3.5 25.5 907.5 mm
3.5 25.5 908.5 mm
3.5 25.5 909.5 mm
3.5 25.5 910.5 mm
3.5 25.5 911.5 mm
3.5 25.5 912.5 mm
3.5 25.5 913.5 mm
3.5 25.5 914.5 mm
3.5 26.5 905.5 mm
3.5 26.5 906.5 mm
3.5 26.5 907.5 mm
3.5 26.5 908.5 mm
3.5 26.5 909.5 mm
3.5 26.5 910.5 mm
3.5 26.5 911.5 mm
3.5 26.5 912.5 mm
3.5 26.5 913.5 mm
3.5 26.5 914.5 mm
3.5 27.5 905.5 mm
3.5 27.5 906.5 mm
3.5 27.5 907.5 mm
3.5 27.5 908.5 mm
3.5 27.5 909.5 mm
3.5 27.5 910.5 mm
3.5 27.5 911.5 mm
3.5 27.5 912.5 mm
3.5 27.5 913.5 mm
3.5 27.5 914.5 mm
3.5 28.5 905.5 mm
3.5 28.5 906.5 mm
3.5 28.5 907.5 mm
3.5 28.5 908.5 mm
3.5 28.5 909.5 mm
3.5 28.5 910.5 mm
3.5 28.5 911.5 mm
3.5 28.5 912.5 mm
3.5 28.5 913.5 mm
3.5 28.5 914.5 mm
3.5 29.5 905.5 mm
3.5 29.5 906.5 mm
3.5 29.5 907.5 mm
3.5 29.5 908.5 mm
3.5 29.5 909.5 mm
3.5 29.5 910.5 mm
3.5 29.5 911.5 mm
3.5 29.5 912.5 mm
3.5 29.5 913.5 mm
3.5 29.5 914.5 mm
3.5 30.5 905.5 mm
3.5 30.5 906.5 mm
3.5 30.5 907.5 mm
3.5 30.5 908.5 mm
3.5 30.5 909.5 mm
3.5 30.5 910.5 mm
3.5 30.5 911.5 mm
3.5 30.5 912.5 mm
3.5 30.5 913.5 mm
3.5 30.5 914.5 mm
3.5 31.5 905.5 mm
3.5 31.5 906.5 mm
3.5 31.5 907.5 mm
3.5 31.5 908.5 mm
3.5 31.5 909.5 mm
3.5 31.5 910.5 mm
3.5 31.5 911.5 mm
3.5 31.5 912.5 mm
3.5 31.5 913.5 mm
3.5 31.5 914.5 mm
3.5 32.5 905.5 mm
3.5 32.5 906.5 mm
3.5 32.5 907.5 mm
3.5 32.5 908.5 mm
3.5 32.5 909.5 mm
3.5 32.5 910.5 mm
3.5 32.5 911.5 mm
3.5 32.5 912.5 mm
3.5 32.5 913.5 mm
3.5 32.5 914.5 mm
3.5 33.5 905.5 mm
3.5 33.5 906.5 mm
3.5 33.5 907.5 mm
3.5 33.5 908.5 mm
3.5 33.5 909.5 mm
3.5 33.5 910.5 mm
3.5 33.5 911.5 mm
3.5 33.5 912.5 mm
3.5 33.5 913.5 mm
3.5 33.5 914.5 mm
3.5 34.5 905.5 mm
3.5 34.5 906.5 mm
3.5 34.5 907.5 mm
3.5 34.5 908.5 mm
3.5 34.5 909.5 mm
3.5 34.5 910.5 mm
3.5 34.5 911.5 mm
3.5 34.5 912.5 mm
3.5 34.5 913.5 mm
3.5 34.5 914.5 mm
4.5 25.5 905.5 mm
4.5 25.5 906.5 mm
4.5 25.5 907.5 mm
4.5 25.5 908.5 mm
4.5 25.5 909.5 mm
4.5 25.5 910.5 mm
4.5 25.5 911.5 mm
4.5 25.5 912.5 mm
4.5 25.5 913.5 mm
4.5 25.5 914.5 mm
4.5 26.5 905.5 mm
4.5 26.5 906.5 mm
4.5 26.5 907.5 mm
4.5 26.5 908.5 mm
4.5 26.5 909.5 mm
4.5 26.5 910.5 mm
4.5 26.5 911.5 mm
4.5 26.5 912.5 mm
4.5 26.5 913.5 mm
4.5 26.5 914.5 mm
4.5 27.5 905.5 mm
4.5 27.5 906.5 mm
4.5 27.5 907.5 mm
4.5 27.5 908.5 mm
4.5 27.5 909.5 mm
4.5 27.5 910.5 mm
4.5 27.5 911.5 mm
4.5 27.5 912.5 mm
4.5 27.5 913.5 mm
4.5 27.5 914.5 mm
4.5 28.5 905.5 mm
4.5 28.5 906.5 mm
4.5 28.5 907.5 mm
4.5 28.5 908.5 mm
4.5 28.5 909.5 mm
4.5 28.5 910.5 mm
4.5 28.5 911.5 mm
4.5 28.5 912.5 mm
4.5 28.5 913.5 mm
4.5 28.5 914.5 mm
4.5 29.5 905.5 mm
4.5 29.5 906.5 mm
4.5 29.5 907.5 mm
4.5 29.5 908.5 mm
4.5 29.5 909.5 mm
4.5 29.5 910.5 mm
4.5 29.5 911.5 mm
4.5 29.5 912.5 mm
4.5 29.5 913.5 mm
4.5 29.5 914.5 mm
4.5 30.5 905.5 mm
4.5 30.5 906.5 mm
4.5 30.5 907.5 mm
4.5 30.5 908.5 mm
4.5 30.5 909.5 mm
4.5 30.5 910.5 mm
4.5 30.5 911.5 mm
4.5 30.5 912.5 mm
4.5 30.5 913.5 mm
4.5 30.5 914.5 mm
4.5 31.5 905.5 mm
4.5 31.5 906.5 mm
4.5 31.5 907.5 mm
4.5 31.5 908.5 mm
4.5 31.5 909.5 mm
4.5 31.5 910.5 mm
4.5 31.5 911.5 mm
4.5 31.5 912.5 mm
4.5 31.5 913.5 mm
4.5 31.5 914.5 mm
4.5 32.5 905.5 mm
4.5 32.5 906.5 mm
4.5 32.5 907.5 mm
4.5 32.5 908.5 mm
4.5 32.5 909.5 mm
4.5 32.5 910.5 mm
4.5 32.5 911.5 mm
4.5 32.5 912.5 mm
4.5 32.5 913.5 mm
4.5 32.5 914.5 mm
4.5 33.5 905.5 mm
4.5 33.5 906.5 mm
4.5 33.5 907.5 mm
4.5 33.5 908.5 mm
4.5 33.5 909.5 mm
4.5 33.5 910.5 mm
4.5 33.5 911.5 mm
4.5 33.5 912.5 mm
4.5 33.5 913.5 mm
4.5 33.5 914.5 mm
4.5 34.5 905.5 mm
4.5 34.5 906.5 mm
4.5 34.5 907.5 mm
4.5 34.5 908.5 mm
4.5 34.5 909.5 mm
4.5 34.5 910.5 mm
4.5 34.5 911.5 mm
4.5 34.5 912.5 mm
4.5 34.5 913.5 mm
4.5 34.5 914.5 mm
